83
39 1
267 1
205 -1
471 1
675 -1
582 -1
726 -1
266 -1
144 1
862 1
946 -1
192 1
637 -1
664 -1
310 -1
811 -1
520 -1
923 1
979 -1
104 1
978 1
166 -1
587 1
871 -1
682 -1
772 -1
201 1
647 -1
633 -1
709 1
114 1
90 1
413 1
89 1
653 1
73 -1
501 1
369 1
232 1
452 -1
963 -1
476 -1
58 -1
65 1
118 1
202 -1
243 1
258 -1
504 -1
234 1
70 1
683 1
757 1
832 -1
440 -1
794 1
894 -1
206 -1
389 -1
475 1
810 1
984 1
536 1
883 1
800 1
195 -1
643 -1
668 -1
917 1
751 1
29 1
837 1
657 -1
326 -1
706 1
59 1
924 -1
858 1
150 -1
224 1
651 -1
813 1
852 1
14
P 29 54
N 18 99
N 77 1
N 20 80
N 74 8
P 83 55
N 57 14
P 1 6
P 72 92
P 16 89
N 46 52
N 29 82
N 43 45
N 37 15
