100
804348480 1
68089986 1
239988599 -1
246035675 -1
93599758 -1
236787088 -1
233482147 -1
768252921 1
519750805 -1
49952006 1
454953791 -1
480377292 1
114764441 -1
657910771 1
996035459 1
560928943 1
946411288 -1
136937517 -1
234951541 -1
941584869 -1
746926329 1
759426854 -1
361670884 1
406499537 -1
407517404 1
802680405 -1
638049412 -1
108366974 1
285745158 -1
884204461 1
606490526 -1
278237406 -1
875817751 1
193839332 1
338677376 1
308738220 -1
333429778 1
846877372 -1
284953520 -1
247818703 -1
852191776 -1
366434970 -1
126067355 -1
938247899 1
265064818 -1
886198645 1
157216115 1
845685467 -1
682710884 1
300650095 1
637054772 1
857483467 1
204245827 -1
31321410 -1
282185216 1
475014587 1
210781698 1
129105511 -1
105648333 1
38784644 1
722241880 -1
594985538 1
710110475 1
321114116 -1
752090547 1
811294619 1
3259352 1
646815566 -1
604266462 1
278805586 1
164856346 1
535163487 1
901954825 1
565569443 1
831182072 1
169194695 1
555790213 1
978939226 -1
951463645 1
101097811 1
3236061 1
288182852 1
803066853 1
978576360 1
953518558 1
540474136 1
516380409 -1
514783650 1
841327144 1
59753141 1
966817637 1
541960123 -1
402839650 1
134588451 -1
567698372 -1
354278950 1
454128875 1
798481120 1
609791649 1
847636495 -1
50
P 46 60
P 9 62
P 16 11
P 21 1
P 15 70
P 6 24
P 44 65
P 5 57
P 42 10
P 22 1
P 1 10
P 44 7
P 27 89
P 28 81
P 21 96
P 44 16
P 28 39
P 26 96
P 17 80
P 27 33
P 24 88
P 48 40
P 45 42
P 4 58
P 27 33
P 17 68
P 7 95
P 1 88
P 43 50
P 24 55
P 7 99
P 14 10
P 9 47
P 22 97
P 14 48
P 2 99
P 32 1
P 22 42
P 30 45
P 25 10
P 40 42
P 19 95
P 40 26
P 45 15
P 2 68
P 10 74
P 41 81
P 25 84
P 7 69
P 10 67
