100
323475203 1
851331748 1
555027370 1
487784581 -1
816927903 1
833443167 1
405666539 -1
859447595 -1
92144298 -1
522985317 1
43437036 1
378948638 1
790553806 1
764345615 1
450705953 -1
113566506 -1
811213728 -1
429849545 1
508286829 -1
543434655 -1
35762116 1
841344320 1
386534938 -1
895777727 -1
985648466 1
166826332 -1
113160297 1
780252601 -1
227208086 1
16058335 1
30075200 1
850788485 1
742279469 1
692660713 -1
885668048 -1
510448377 1
791372685 -1
753175832 -1
993423214 1
568220103 -1
679197986 1
725596736 1
839478288 1
909477222 1
440288246 1
509541236 1
334500505 1
144473519 -1
69026374 -1
854522621 1
778536082 1
213922383 1
371554404 -1
642623483 1
142415737 1
495284457 -1
328366604 1
300858672 -1
50947643 -1
971149996 -1
901333426 1
744842447 1
613167036 1
407094952 -1
203978078 -1
54605802 1
927623928 1
540825929 1
450842800 1
197158769 -1
36951855 -1
773216423 1
445862418 -1
283343517 1
262529325 1
208280093 1
59571041 1
674390865 -1
965809587 -1
249783158 -1
18145921 -1
560740621 1
602029620 1
517437611 -1
155875396 -1
914472218 -1
84931542 1
25767275 1
3822130 1
498668755 1
615404737 1
965465363 -1
285683000 -1
903141136 -1
318109947 1
2741364 -1
612873383 1
396106491 1
584027901 -1
181633203 1
50
P 48 48
P 44 2
P 26 76
P 50 1
P 36 85
P 23 14
P 17 62
P 1 61
P 37 57
P 9 40
P 44 77
P 1 66
P 2 55
P 29 40
P 21 54
P 21 90
P 8 17
P 39 84
P 9 92
P 31 13
P 18 34
P 38 12
P 10 69
P 49 41
P 5 76
P 1 61
P 17 32
P 25 2
P 37 12
P 16 82
P 22 43
P 42 22
P 1 65
P 39 23
P 34 19
P 44 66
P 3 16
P 40 27
P 40 84
P 7 3
P 15 87
P 23 53
P 8 28
P 9 1
P 33 55
P 23 80
P 24 84
P 43 25
P 22 62
P 31 4
